 0    1    6.0
 2    0    5.0
 1    9    7.0
 2    1    4.0
 3    2    2.0
 3   11    5.0
 4    3    1.0
 7    2    5.0
 1    6    3.0
 8    0    4.0
 5    4    6.0
 4    7    8.0
 7    6   13.0
 6    8    5.0
 7   11    6.0
 7    9    1.0
 6   12   12.0
12    9    5.0
12    8    1.0
 8   14    2.0
 8   17    3.0
14   12    4.0
 9   13    3.0
11   10   12.0
10   13    2.0
11   16    4.0
10   20   13.0
11   24    5.0
15   13    7.0
12   15    6.0
18   12    7.0
14   17    5.0
16   24   10.0
20   16    5.0
20   15    9.0
15   19   12.0
20   23   14.0
18   15    8.0
17   21    6.0
23   17    7.0
18   21    8.0
18   22   11.0
22   19   11.0
21   22    9.0
22   24   12.0
23   19   12.0
11    4    7.0
18   14    3.0
-1